export const defaultCameraPose = [{'R': [[1.0, 0.0, 0.0], [0.0, 1.0, 0.0], [0.0, 0.0, 1.0]], 't': [0.0, 0.0, 0.0]}, {'R': [[-0.08103562494914318, 0.752179422720532, -0.6539566832175575], [-0.7043515844596598, 0.42100932140796066, 0.5715242748622099], [0.7052106585682524, 0.5069292527793358, 0.49568201472145024]], 't': [0.8178517816874038, -0.2857675989666327, 0.3891063507688393]}, {'R': [[-0.9853519166697545, -0.0049976589007398875, -0.1704600355530687], [-0.1488631213712069, -0.462433827261059, 0.8740679186998633], [-0.08319477994960328, 0.8866397119519299, 0.4549160909211019]], 't': [0.4134460677173243, -0.9442140043762834, 0.8341112328205016]}, {'R': [[0.24426767903669006, -0.868447886409369, 0.4314296809088689], [0.5295916010237929, 0.4921699664676738, 0.6908700747841555], [-0.8123213878158597, 0.059724305758281804, 0.580143921969891]], 't': [-0.6175883962118561, -0.8159530582256614, 0.06702272293686548]}]

export const defaultWorldMatrix = [
    [0.9941338485260931, 0.0986512964608827, -0.04433748889242502, 0.9938296704767513],
    [-0.0986512964608827, 0.659022672138982, -0.7456252673517598, 2.593331619023365],
    [0.04433748889242498, -0.7456252673517594, -0.6648888236128887, 2.9576262456228286],
    [0, 0, 0, 1]
]