export const defaultCameraPose = [{"R":[[1,0,0],[0,1,0],[0,0,1]],"t":[0,0,0]},{"R":[[0.019232497706886065,0.5514415243262278,-0.8339918202720703],[-0.6281227862241767,0.655646786951858,0.4190334785976919],[0.7778765174871473,0.5157902054212269,0.35898271202607623]],"t":[0.2103124380274772,-0.12351252572427941,0.16855976403081205]},{"R":[[-0.9981999702462425,0.00392052941723527,-0.05984520740617852],[-0.05539508954711023,0.3221223552864491,0.9450759611157072],[0.022982677269360305,0.946689926889369,-0.32132534738444335]],"t":[0.007288528330357772,-0.24767235348719413,0.34116726233801487]},{"R":[[0.0047003303136261,-0.605271708465481,0.796005066457633],[0.6099285986850255,0.6325373999643669,0.4773714928150192],[-0.7924424341244378,0.48326245103214527,0.37214565968359686]],"t":[-0.21895671177565468,-0.1374704422778437,0.1536952822113124]}]

export const defaultWorldMatrix = [
    [1, 0, 0, 0],
    [0, 1, 0, 0],
    [0, 0, 1, 0],
    [0, 0, 0, 1]
]

