export const defaultCameraPose =[{"R":[[1,0,0],[0,1,0],[0,0,1]],"t":[0,0,0]},{"R":[[-0.0872458353140928,-0.7601941333710791,0.643811341783088],[0.8425556552905484,0.2884977623058577,0.4548285488867506],[-0.5314961260049416,0.5821287836318582,0.6153356379318791]],"t":[-0.17599009069955088,-0.13982376290637777,0.10976564560072284]},{"R":[[-0.9781353771802931,-0.026952330106797068,0.20621531419897016],[0.20344110678785618,-0.32979096567944993,0.9218728952654742],[0.04316132501786572,0.9436691638800274,0.3280634224729602]],"t":[-0.05825636450263757,-0.26322474590378736,0.19947094836938126]},{"R":[[0.13198610058389038,0.8337312085028165,-0.5361640991535074],[-0.8538758884727659,0.37035208236773165,0.3656983759476237],[0.5034636395386501,0.4095504939007129,0.7607843036026559]],"t":[0.18045250485068645,-0.14186737063204946,0.07652586554446739]}]

export const defaultWorldMatrix = [
    [0.999927887914835,-0.010730884965951015,0.005391389249365696,-0.021310715360898052],
    [0.010730884965951015,0.5968459638289307,-0.8022840791413696,0.2544170620041848],
    [0.005391389249365696,0.8022840791413696,0.5969180759140957,-0.14004953131942804],
    [0,0,0,1]
]
const a = [
    [1,-0.010730884965951015,0.005391389249365696,-0.021310715360898052],
    [0,0.5968459638289307,-0.8022840791413696,0.2544170620041848],
    [0,0.8022840791413696,0.5969180759140957,-0.14004953131942804],
    [0,0,0,1]
]