export const defaultCameraPose = [
    {
        "R": [[1, 0, 0], [0, 1, 0], [0, 0, 1]],
        "t": [0, 0, 0]
    },
    {
        "R": [[0.23410045256516726, 0.588553971215263, -0.7738224609531098], [-0.7915569021146163, 0.577516167283287, 0.19978174901910872], [0.5644773235688884, 0.5657555121191182, 0.601070754307127]],
        "t": [0.8878411218646609, -0.37821220277373563, 0.15055892256502076]
    },
    {
        "R": [[-0.8408875019592803, 0.24278944014513268, -0.4836956654785055], [-0.5100093816568315, -0.05641224647391782, 0.8583170096588918], [0.18110394714278766, 0.9684373734020072, 0.17126124525859146]],
        "t": [0.8890980033337528, -0.9078209948034357, 0.9649967491674397]
    },
    {
        "R": [[0.04443194985410237, -0.7326590609460104, 0.6791439481036938], [0.4658093430761181, 0.6165872720237822, 0.6346981895998016], [-0.8837688938490411, 0.2881507181875148, 0.3686756106292651]],
        "t": [0.08356346834989649, -1.0098679419406527, 0.4220422978842992]
    }]

export const defaultWorldMatrix = [
    [0.9941338485260931, 0.0986512964608827, -0.04433748889242502, 0.9938296704767513],
    [-0.0986512964608827, 0.659022672138982, -0.7456252673517598, 2.593331619023365],
    [0.04433748889242498, -0.7456252673517594, -0.6648888236128887, 2.9576262456228286],
    [0, 0, 0, 1]
]