export const defaultCameraPose =[{"R":[[1,0,0],[0,1,0],[0,0,1]],"t":[0,0,0]},{"R":[[-0.16778961527902975,-0.7639839082562007,0.6230371039754343],[0.8655578629613842,0.18833686714551617,0.46404612953836155],[-0.4718646319340291,0.6171367858095913,0.6296713084859193]],"t":[-0.1407012308953016,-0.12519585699292854,0.0779764018328785]},{"R":[[-0.9544684426236745,0.13378678499041496,0.26662912106044584],[0.2215127810750575,-0.2807925446929785,0.933856324423214],[0.19980510467936258,0.9503981497281916,0.23837214001912813]],"t":[-0.07461595895354324,-0.21835927515983736,0.18245105250475585]},{"R":[[0.17241528806545597,0.824626819253617,-0.5387611506121877],[-0.7065669321688812,0.4846279590819424,0.5156538680563997],[0.6863207259049966,0.29176420315681917,0.6662113110338979]],"t":[0.13957096525907092,-0.14256454997420487,0.08790986594516731]}]

export const defaultWorldMatrix = [[0.9941338485260931,0.0986512964608827,-0.04433748889242502,0.013142020947754962],[-0.0986512964608827,0.659022672138982,-0.7456252673517598,0.36726538363014516],[0.04433748889242498,-0.7456252673517594,-0.6648888236128887,0.338831081960822],[0,0,0,1]]