export const defaultCameraPose =[
    {
        "R":[
            [0.7071067811865475, -0.6061088109378321, 0.3641869153381644],
            [5.551115123125783e-17, 0.5150380749100542, 0.8571673007021123],
            [-0.7071067811865476, -0.6061088109378321, 0.36418691533816433]
        ],
        "t":[-0.15,-0.3,-0.15]
    },
    {
        "R":[
            [ 0.7071068,  0.6061088, -0.3641869],
            [ 0.0000000,  0.5150381,  0.8571673],
            [ 0.7071068, -0.6061088,  0.3641869 ]
        ],
        "t":[0.15,-0.3,-0.15]
    },
    {
        "R":[
            [-0.7071068,  0.6061088, -0.3641869],
            [ 0.0000000,  0.5150381,  0.8571673],
            [ 0.7071068,  0.6061088, -0.3641869]
        ],
        "t":[0.15,-0.3,0.15]},
    {"R":[
        [-0.7071068, -0.6061088,  0.3641869],
        [ 0.0000000,  0.5150381,  0.8571673],
        [-0.7071068,  0.6061088, -0.3641869]
    ],
    "t":[-0.15,-0.3,0.15]},
    
]

export const defaultWorldMatrix = [
    [1,0,0,0],
    [0,1,0,0],
    [0,0,1,0],
    [0,0,0,1]
]

