export const defaultCameraPose =[{"R":[[1,0,0],[0,1,0],[0,0,1]],"t":[0,0,0]},{"R":[[-0.15826845579433368,-0.7142672586363439,0.6817428981225984],[0.7750323162050616,0.33792779535931505,0.5339753870370905],[-0.611781010442703,0.6128842373268506,0.5000968975088629]],"t":[-0.14023947251531269,-0.10908960967892514,0.10869552104817809]},{"R":[[-0.9701111990360695,0.2353541444364745,-0.059098969545794966],[-0.023018975891460514,0.15319284441628084,0.9879281751061447],[0.24156652966358577,0.9597605842689229,-0.14319648260368562]],"t":[0.02274887393861726,-0.17923504461838968,0.2635655205573096]},{"R":[[0.4156410557649059,0.6698419767443694,-0.615267615720046],[-0.5361380112039326,0.7268864885836276,0.4291760310838149],[0.7347098377624505,0.15148517718166193,0.6612516127687813]],"t":[0.2293552568620085,-0.08316408812158241,0.078731272039977]}]

export const defaultWorldMatrix = [[0.999927887914835,-0.010730884965951015,0.005391389249365696,-0.021310715360898052],[0.010730884965951015,0.5968459638289307,-0.8022840791413696,0.2544170620041848],[0.005391389249365696,0.8022840791413696,0.5969180759140957,-0.14004953131942804],[0,0,0,1]]

